Various functions numerically integrated from 0 to 1:
                  sqrt(x):          1/sqrt(x):           4sqrt(1-x**2):         ln(x)/sqrt(x):  

Values found:     0.66695           1.99996              3.14183                 -3.99992

Values given:     2/3               2                    pi                      -4

Evaluations:      16                8572                 28                      8604




-3 -1.00558976797901
-2.96875 -1.00517616765359
-2.9375 -1.00478046101133
-2.90625 -1.00440214118348
-2.875 -1.00404064947191
-2.84375 -0.999920443520172
-2.8125 -0.999908290104729
-2.78125 -0.999893931626572
-2.75 -0.999876967771357
-2.71875 -0.999856932275848
-2.6875 -0.999833283512348
-2.65625 -0.999805393964583
-2.625 -0.999772538500662
-2.59375 -0.999733881346392
-2.5625 -0.99968846166087
-2.53125 -0.999635177616106
-2.5 -0.999572768883691
-2.46875 -0.999499797434434
-2.4375 -0.999414626561701
-2.40625 -0.999315398046168
-2.375 -0.999291048458566
-2.34375 -0.999150503057803
-2.3125 -0.998989018733642
-2.28125 -0.998803586621123
-2.25 -0.998590830898226
-2.21875 -0.998346973849261
-2.1875 -0.9980677989265
-2.15625 -0.997748611889566
-2.125 -0.997384200138323
-2.09375 -0.996968790395127
-2.0625 -0.99649600493601
-2.03125 -0.995958816617627
-2 -0.995349502997208
-1.96875 -0.994659599896019
-1.9375 -0.993879854812365
-1.90625 -0.993000180647418
-1.875 -0.992033409030886
-1.84375 -0.990918926596122
-1.8125 -0.98966874935224
-1.78125 -0.988269028069484
-1.75 -0.986704871971583
-1.71875 -0.984960317177766
-1.6875 -0.983018300275019
-1.65625 -0.980840368791796
-1.625 -0.97844940869043
-1.59375 -0.975802928851332
-1.5625 -0.972879340492237
-1.53125 -0.976161340429787
-1.5 -0.971740145000712
-1.46875 -0.967046939872502
-1.4375 -0.962053290009255
-1.40625 -0.953272150801201
-1.375 -0.948171921625316
-1.34375 -0.942614148119486
-1.3125 -0.93656959461505
-1.28125 -0.930008446165095
-1.25 -0.922900440367081
-1.21875 -0.915320105960672
-1.1875 -0.907012505998862
-1.15625 -0.898067217859824
-1.125 -0.888453832335261
-1.09375 -0.878142346758768
-1.0625 -0.867103380456493
-1.03125 -0.855308400828882
-1 -0.842729958487199
-0.96875 -0.829341929651219
-0.9375 -0.815119763808431
-0.90625 -0.8000105091283
-0.875 -0.78405828657033
-0.84375 -0.767209767501643
-0.8125 -0.749449220513359
-0.78125 -0.730763724384795
-0.75 -0.711143395668304
-0.71875 -0.690581603549886
-0.6875 -0.669075169193181
-0.65625 -0.646624546827747
-0.625 -0.623233983936084
-0.59375 -0.598911658028008
-0.5625 -0.573669787665262
-0.53125 -0.547524715612613
-0.5 -0.520450833623745
-0.46875 -0.492576223064889
-0.4375 -0.463870576976204
-0.40625 -0.434367111862655
-0.375 -0.404103149963997
-0.34375 -0.37311999020161
-0.3125 -0.341462747062812
-0.28125 -0.309180158276875
-0.25 -0.27632436247415
-0.21875 -0.242950648348391
-0.1875 -0.209117177158133
-0.15625 -0.174884680701437
-0.125 -0.140316137175334
-0.09375 -0.105476427583058
-0.0625 -0.0704319755749729
-0.03125 -0.0352503737999481
0 0
0.03125 0.0352503737999481
0.0625 0.0704319755749729
0.09375 0.105476427583058
0.125 0.140316137175334
0.15625 0.174884680701437
0.1875 0.209117177158133
0.21875 0.242950648348391
0.25 0.27632436247415
0.28125 0.309180158276875
0.3125 0.341462747062812
0.34375 0.37311999020161
0.375 0.404103149963997
0.40625 0.434367111862655
0.4375 0.463870576976204
0.46875 0.492576223064889
0.5 0.520450833623745
0.53125 0.547524715612613
0.5625 0.573669787665262
0.59375 0.598911658028008
0.625 0.623233983936084
0.65625 0.646624546827747
0.6875 0.669075169193181
0.71875 0.690581603549886
0.75 0.711143395668304
0.78125 0.730763724384795
0.8125 0.749449220513359
0.84375 0.767209767501643
0.875 0.78405828657033
0.90625 0.8000105091283
0.9375 0.815119763808431
0.96875 0.829341929651219
1 0.842729958487199
1.03125 0.855308400828882
1.0625 0.867103380456493
1.09375 0.878142346758768
1.125 0.888453832335261
1.15625 0.898067217859824
1.1875 0.907012505998862
1.21875 0.915320105960672
1.25 0.922900440367081
1.28125 0.930008446165095
1.3125 0.93656959461505
1.34375 0.942614148119486
1.375 0.948171921625316
1.40625 0.953272150801201
1.4375 0.962053290009255
1.46875 0.967046939872502
1.5 0.971740145000712
1.53125 0.976161340429787
1.5625 0.972879340492237
1.59375 0.975802928851332
1.625 0.97844940869043
1.65625 0.980840368791796
1.6875 0.983018300275019
1.71875 0.984960317177766
1.75 0.986704871971583
1.78125 0.988269028069484
1.8125 0.98966874935224
1.84375 0.990918926596122
1.875 0.992033409030886
1.90625 0.993000180647418
1.9375 0.993879854812365
1.96875 0.994659599896019
2 0.995349502997208
2.03125 0.995958816617627
2.0625 0.99649600493601
2.09375 0.996968790395127
2.125 0.997384200138323
2.15625 0.997748611889566
2.1875 0.9980677989265
2.21875 0.998346973849261
2.25 0.998590830898226
2.28125 0.998803586621123
2.3125 0.998989018733642
2.34375 0.999150503057803
2.375 0.999291048458566
2.40625 0.999315398046168
2.4375 0.999414626561701
2.46875 0.999499797434434
2.5 0.999572768883691
2.53125 0.999635177616106
2.5625 0.99968846166087
2.59375 0.999733881346392
2.625 0.999772538500662
2.65625 0.999805393964583
2.6875 0.999833283512348
2.71875 0.999856932275848
2.75 0.999876967771357
2.78125 0.999893931626572
2.8125 0.999908290104729
2.84375 0.999920443520172
2.875 1.00404064947191
2.90625 1.00440214118348
2.9375 1.00478046101133
2.96875 1.00517616765359




-3   -0.999977910
-2.5 -0.999593048
-2   -0.995322265
-1.5 -0.966105146
-1   -0.842700793
-0.5 -0.520499878
0    0
0.5  0.520499878
1    0.842700793
1.5  0.966105146
2    0.995322265
2.5  0.999593048
3    0.999977910
